function x = birdland()

# Row 1: notes, with low E at 8
# Row 2: onsets, with bar.beat
# Row 3: durations in quarternotes

x1to4 = [ ...
12 +  [3  4   6          3 4 6    11         14];
1+0.1*[1   3 4.5] 3+0.1*[1 3   4 4.5] 4+0.1*4.5;
       2 1.5 4.5         2 1 0.5   4          1];

x5to9 = [ ...
12 +  [  3    14   13  11   4   8  11         6 11  13   14        13 11   8   6          11  -1];
5+0.1*[1.5     2  2.5   3 3.5   4 4.5] 6+0.1*[2  3   4  4.5] 7+0.1*[2  3   4 4.5] 8+0.1*[1.5 2.5];
       0.5   0.5  0.5 0.5 0.5 0.5 1.5         1  1 0.5  1.5         1  1 0.5 0.5         0.5 0.5];

x = [x1to4 x5to9];